Listado de puntos 

#points = [[1,1],[5,1],[3,3]] # 3 puntos
#points = [[1,1],[5,1],[4,3],[1,5]] # 4 puntos
#points = [[1,1],[5,1],[5,5],[1,5],[3,3]] # 5 puntos
#points = [[1,1],[5,1],[5,5],[3,7],[1,5],[2,3]] # 6 puntos
#points = [[1,1],[5,1],[5,5],[3,7],[1,5],[3,3],[2,3]] # 7 puntos
#points = [[1,1],[5,1],[6,3],[5,5],[1,5],[3,4],[3,3],[2,3]] # 8 puntos
#points = [[1,1],[5,1],[6,3],[5,5],[3,7],[1,5],[3,4],[3,3],[2,3]] # 9 puntos
#points = [[1,1],[5,1],[6,3],[5,5],[3,7],[1,5],[3,4],[3,3],[2,3],[1,3]] # 10 puntos
#points = [[1,1],[3,0],[5,1],[6,3],[5,5],[3,7],[1,5],[3,4],[3,3],[2,3],[1,3]] # 11 puntos
#points = [[1,1],[3,0],[5,1],[6,3],[5,5],[3,7],[1,5],[2,4.5],[3,4],[3,3],[2,3],[1,3]] # 12 puntos
#points = [[1,1],[3,0],[5,1],[8,3],[7,4],[5,5],[3,7],[1,5],[2,4.5],[3,4],[3,3],[2,3],[1,3]] # 13 puntos
#points = [[1,1],[3,0],[5,1],[8,3],[7,4],[5,5],[3,7],[1.5,6],[1,5],[2,5],[2,4],[3,3],[2,2],[0,3]] # 14 puntos
#points = [[1,1],[3,0],[5,1],[7,1.25],[8,3],[7,4],[5,5],[3,7],[1.5,6],[1,5],[2,4.5],[3,4],[3,2],[2,2],[0,3]] # 15 puntos
#points = [[1,1],[3,0],[5,1],[7,1.25],[8,3],[7,5],[6,4],[5,5],[3,7],[1.5,6],[1,5],[2,4.5],[3,4],[3,2],[2,2],[0,3]] # 16 puntos
#points = [[5,2],[11,2],[14,5],[20,6],[15,10],[13,8],[10,6],[8,8],[11,10],[12,11],[6,12],[5,11],[7,9],[5,8],[2,10],[2,6],[3,1]] # 17 puntos
#points = [[5,2],[7,1],[11,2],[14,5],[20,6],[15,10],[13,8],[10,6],[8,8],[11,10],[12,11],[6,12],[5,11],[7,9],[5,8],[2,10],[2,6],[3,1]] # 18 puntos
#points = [[5,2],[5,1],[8,1.5],[11,2],[14,5],[20,6],[15,10],[13,8],[10,6],[8,8],[11,10],[12,11],[6,12],[5,11],[7,9],[5,8],[2,10],[2,6],[3,1]] # 19 puntos
#points = [[5,2],[5,1],[8,1.5],[11,2],[14,5],[16,4],[20,6],[15,10],[13,8],[10,6],[8,8],[11,10],[12,11],[6,12],[5,11],[7,9],[5,8],[2,10],[2,6],[3,1]] # 20 puntos
#points = [[5,2],[5,1],[8,1.5],[11,2],[14,5],[16,4],[20,6],[17,11],[15,10],[13,8],[10,6],[8,8],[11,10],[12,11],[6,12],[5,11],[7,9],[5,8],[2,10],[2,6],[3,1]] # 21 puntos
#points = [[5,2],[5,1],[8,1.5],[11,2],[14,5],[16,4],[20,6],[17,11],[15,10],[13,8],[10,6],[8,8],[11,10],[12,11],[6,12],[5,11],[7,9],[5,8],[3,7],[2,10],[2,6],[3,1]] # 22 puntos
#points = [[5,2],[5,1],[8,1.5],[11,2],[14,5],[16,4],[20,6],[17,11],[15,10],[13,8],[12,5],[10,6],[8,8],[11,10],[12,11],[6,12],[5,11],[7,9],[5,8],[3,7],[2,10],[2,6],[3,1]] # 23 puntos
#points = [[1,1],[3,0],[6,1],[5,2],[7,2],[8,3],[7,6],[8,7],[7,8],[8,10],[6,11],[5,10],[6,9],[5,8],[4,9],[3,8],[3,6],[2,7],[1,6],[2,5],[4,4],[2,3],[2,2],[1,2]] # 24 puntos
#points = [[1,1],[3,0],[6,1],[5,2],[7,2],[8,3],[7,6],[8,7],[7,8],[8,10],[6,11],[5,10],[6,9],[5,8],[4,9],[3,8],[3,6],[2,7],[1,6],[2,5],[4,4],[2,3],[2,2],[1,3],[0,2]] # 25 puntos
#points = [[1,1],[3,0],[6,1],[5,2],[7,2],[8,3],[6,4],[7,6],[8,7],[7,8],[8,10],[6,11],[5,10],[6,9],[5,8],[4,9],[3,8],[3,6],[2,7],[1,6],[2,5],[4,4],[2,3],[2,2],[1,3],[0,2]] # 26 puntos
#points = [[1,1],[3,0],[6,1],[5,2],[7,2],[8,3],[6,4],[5,5],[7,6],[8,7],[7,8],[8,10],[6,11],[5,10],[6,9],[5,8],[4,9],[3,8],[3,6],[2,7],[1,6],[2,5],[4,4],[2,3],[2,2],[1,3],[0,2]] # 27 puntos
#points = [[1,1],[3,0],[6,1],[5,2],[7,2],[8,3],[6,4],[5,5],[7,6],[8,7],[7,8],[9,9],[8,10],[6,11],[5,10],[6,9],[5,8],[4,9],[3,8],[3,6],[2,7],[1,6],[2,5],[4,4],[2,3],[2,2],[1,3],[0,2]] # 28 puntos
#points = [[1,1],[3,0],[6,1],[5,2],[7,2],[8,3],[6,4],[5,5],[7,6],[8,7],[7,8],[9,9],[8,10],[7,10],[6,11],[5,10],[6,9],[5,8],[4,9],[3,8],[3,6],[2,7],[1,6],[2,5],[4,4],[2,3],[2,2],[1,3],[0,2]] # 29 puntos
#points = [[10,0],[11,1],[14,2],[18,0],[20,2],[16,4],[18,6],[24,8],[22,10],[20,8],[18,12],[16,10],[14,14],[10,16],[12,12],[14,10],[10,8],[8,8],[12,6],[8,4],[7,6],[5,6],[6,8],[7,10],[6,13],[7,14],[6,15],[0,20],[2,10],[4,2]] # 30 puntos
#points = [[10,0],[11,1],[14,2],[18,0],[20,2],[16,4],[18,6],[24,8],[22,10],[20,8],[18,12],[16,10],[14,14],[10,16],[12,12],[14,10],[10,8],[8,8],[12,6],[8,4],[7,6],[6,8],[7,10],[6,13],[7,14],[6,15],[0,20],[2,16],[3,12],[0,7],[4,2]] # 31 puntos
#points = [[10,0],[11,1],[14,2],[18,0],[20,2],[16,4],[18,6],[24,8],[22,10],[20,8],[18,12],[16,10],[14,14],[10,16],[12,12],[14,10],[10,8],[8,7],[12,6],[8,4],[7,6],[5,6],[6,8],[7,10],[6,13],[7,14],[6,15],[0,20],[2,16],[3,12],[2,10],[4,2]] # 32 puntos
#points = [[10,0],[11,1],[14,2],[18,0],[20,2],[16,4],[18,6],[24,8],[22,10],[20,8],[18,12],[16,10],[14,14],[10,16],[12,12],[14,10],[10,8],[8,7],[12,6],[8,4],[7,6],[5,6],[6,8],[7,10],[6,13],[7,14],[6,15],[0,20],[2,16],[3,12],[1,10],[0,5],[4,2]] # 33 puntos
#points = [[10,0],[11,1],[14,2],[18,0],[20,2],[16,4],[18,6],[24,8],[22,10],[20,8],[18,12],[16,10],[14,14],[10,16],[12,12],[14,10],[10,8],[8,7],[12,6],[8,4],[7,6],[5,6],[6,8],[7,10],[6,13],[7,14],[6,15],[5,20],[0,20],[2,16],[3,12],[1,10],[0,5],[4,2]] # 34 puntos
#points = [[10,0],[11,1],[14,2],[18,0],[20,2],[16,4],[18,6],[24,8],[22,10],[20,8],[18,12],[16,10],[14,14],[10,16],[12,12],[14,10],[10,8],[8,7],[12,6],[8,4],[7,6],[5,6],[6,8],[7,10],[6,13],[7,14],[6,15],[5,20],[0,20],[2,16],[3,12],[1,10],[0,5],[1,1],[4,2]] # 35 puntos
#points = [[10,0],[11,1],[14,2],[18,0],[20,2],[16,4],[18,6],[24,8],[22,10],[20,8],[18,12],[16,10],[14,14],[10,16],[12,12],[14,10],[10,8],[8,7],[12,6],[8,4],[7,6],[5,6],[6,8],[7,10],[6,13],[7,14],[6,15],[5,20],[0,20],[2,16],[3,12],[0,11],[1,10],[0,5],[1,1],[4,2]] # 36 puntos
#points = [[10,0],[11,1],[14,2],[18,0],[20,2],[16,4],[18,6],[24,8],[22,10],[20,8],[18,12],[16,10],[14,14],[10,16],[12,12],[14,10],[10,8],[8,7],[12,6],[8,4],[7,6],[5,6],[6,8],[7,10],[6,13],[7,14],[6,15],[5,20],[3,21],[0,20],[2,16],[3,12],[0,11],[1,10],[0,5],[1,1],[4,2]] # 37 puntos
#points = [[10,0],[11,1],[14,2],[18,0],[20,2],[16,4],[18,6],[24,8],[22,10],[20,8],[18,12],[16,10],[14,14],[10,16],[12,12],[14,10],[10,10],[10,8],[8,7],[12,6],[8,4],[7,6],[5,6],[6,8],[7,10],[6,13],[7,14],[6,15],[5,20],[3,21],[0,20],[2,16],[3,12],[0,11],[1,10],[0,5],[1,1],[4,2]] # 38 puntos
#points = [[10,0],[11,1],[14,2],[18,0],[20,2],[16,4],[18,6],[24,8],[22,10],[20,8],[18,12],[16,10],[14,14],[10,16],[12,12],[14,10],[10,10],[10,8],[8,7],[12,6],[8,4],[7,6],[5,6],[6,8],[7,10],[6,13],[7,14],[6,15],[5,20],[3,21],[0,20],[2,16],[3,12],[0,11],[1,10],[0,5],[1,1],[4,2],[5,0]] # 39 puntos
#points = [[10,0],[11,1],[14,2],[18,0],[20,2],[20,4],[16,4],[18,6],[24,8],[22,10],[20,8],[18,12],[16,10],[14,14],[10,16],[12,12],[14,10],[10,10],[10,8],[8,7],[12,6],[8,4],[7,6],[5,6],[6,8],[7,10],[6,13],[7,14],[6,15],[5,20],[3,21],[0,20],[2,16],[3,12],[0,11],[1,10],[0,5],[1,1],[4,2],[5,0]] # 40 puntos